FI_PAISCU|FI_CANALCU|FI_SUCURSALCU|FI_FOLIOCU|FI_COD_IDENTIFICADOR|FI_MARCA
1|1|107|21953|11|1
1|1|107|22197|15|1
1|1|107|23497|10|1
1|1|107|25223|4|1
1|1|107|33467|11|1
1|1|110|34163|15|1
1|1|110|56956|11|1
1|1|116|121238|15|1
1|1|114|12226|4|1
1|1|118|27676|10|1
1|1|118|71875|11|1
1|1|121|57285|21|1
1|1|121|102601|10|1
1|1|121|110220|4|1
1|1|120|127039|4|1
1|1|120|130719|4|1
1|1|137|3689|4|1
1|1|148|78674|4|1
1|1|153|96461|11|1
1|1|195|81829|14|1
1|1|188|52854|11|1
1|1|168|53416|11|1
1|1|180|483|4|1
1|1|182|26081|11|1
1|1|182|33835|11|1
1|1|172|11512|11|1
1|1|175|4433|4|1
1|1|408|134000|4|1
1|1|495|39194|4|1
1|1|550|99082|4|1
1|1|495|95581|4|1
1|1|518|27137|11|1
1|1|301|37699|11|1
1|1|479|36567|4|1
1|1|206|41899|11|1
1|1|199|102660|4|1
1|1|209|69294|4|1
1|1|212|18925|4|1
1|1|209|86415|10|1
1|1|210|18751|4|1
1|1|987|10855|11|1
1|1|987|41465|15|1
1|1|709|119337|15|1
1|1|974|34663|21|1
1|1|673|39071|4|1
1|1|563|85823|4|1
1|1|602|87366|4|1
1|1|631|92432|4|1
1|1|644|11436|4|1
1|1|628|49629|4|1
1|1|602|65685|11|1
1|1|631|22230|4|1
1|1|1106|99998|14|1
1|1|1085|114236|4|1
1|1|1079|95897|4|1
1|1|1106|17960|10|1
1|1|1083|85726|4|1
1|1|1070|58322|4|1
1|1|1009|66803|11|1
1|1|1009|73862|11|1
1|1|1009|73957|11|1
1|1|1025|48509|11|1
1|1|1037|10467|10|1
1|1|1067|52009|11|1
1|1|1012|33509|4|1
1|1|1012|57515|4|1
1|1|1009|43514|11|1
1|1|1009|50640|11|1
1|1|1245|57634|11|1
1|1|1245|177509|4|1
1|1|1363|707|11|1
1|1|1245|84538|11|1
1|1|1339|21437|11|1
1|1|1229|52005|10|1
1|1|1258|108241|11|1
1|1|1294|22049|4|1
1|1|1106|154648|10|1
1|1|1174|21123|10|1
1|1|1174|39980|11|1
1|1|1158|24645|11|1
1|1|1203|115395|21|1
1|1|1135|130399|11|1
1|1|1601|58628|11|1
1|1|1559|32041|10|1
1|1|1562|98537|10|1
1|1|1591|121697|4|1
1|1|1508|7397|4|1
1|1|1436|20877|11|1
1|1|1397|22217|4|1
1|1|1397|48098|4|1
1|1|1834|9073|11|1
1|1|1834|27782|11|1
1|1|1834|53592|11|1
1|1|1779|10702|10|1
1|1|1834|73769|4|1
1|1|1818|25387|11|1
1|1|1672|86780|4|1
1|1|1601|156490|11|1
1|1|1672|20330|4|1
1|1|1672|23557|4|1
1|1|2007|79771|11|1
1|1|1928|100647|11|1
1|1|2008|73441|4|1
1|1|1957|42771|4|1
1|1|2009|18236|4|1
1|1|2009|21712|4|1
1|1|1964|769|11|1
1|1|2002|70304|10|1
1|1|1915|38365|15|1
1|1|1928|36627|11|1
1|1|1915|59219|10|1
1|1|1902|51304|11|1
1|1|1889|18655|11|1
1|1|1915|105749|10|1
1|1|1915|108037|4|1
1|1|1850|62147|11|1
1|1|1892|43288|11|1
1|1|2049|5071|4|1
1|1|2050|13341|10|1
1|1|2024|132810|11|1
1|1|2024|133001|11|1
1|1|2025|78512|4|1
1|1|2047|38829|11|1
1|1|2045|24247|4|1
1|1|2048|34463|21|1
1|1|2048|65376|21|1
1|1|2010|56858|4|1
1|1|2011|58937|11|1
1|1|2015|58212|10|1
1|1|2021|20251|11|1
1|1|2023|52318|4|1
1|1|2077|9637|10|1
1|1|2081|17812|11|1
1|1|2077|30752|10|1
1|1|2077|55386|10|1
1|1|2077|65805|10|1
1|1|2080|24783|11|1
1|1|2075|10700|10|1
1|1|2056|7044|21|1
1|1|2063|70418|10|1
1|1|2052|17944|11|1
1|1|2054|62512|4|1
1|1|2068|5705|4|1
1|1|2063|31637|11|1
1|1|2063|41524|11|1
1|1|2107|98626|11|1
1|1|2107|99175|10|1
1|1|2107|100666|11|1
1|1|2106|17730|21|1
1|1|2118|32640|11|1
1|1|2122|5029|4|1
1|1|2119|14784|11|1
1|1|2105|159580|11|1
1|1|2097|84175|10|1
1|1|2105|61882|15|1
1|1|2099|17535|11|1
1|1|2093|37387|11|1
1|1|2093|42991|11|1
1|1|2099|40130|11|1
1|1|2093|71521|4|1
1|1|2083|73366|11|1
1|1|2104|42517|4|1
1|1|2141|32240|11|1
1|1|2141|41777|11|1
1|1|2142|6886|4|1
1|1|2142|10094|11|1
1|1|2154|14343|11|1
1|1|2154|15058|11|1
1|1|2154|15320|11|1
1|1|2154|16899|11|1
1|1|2142|24828|11|1
1|1|2154|22786|11|1
1|1|2140|118944|4|1
1|1|2141|29454|11|1
1|1|2131|12992|11|1
1|1|2136|19470|4|1
1|1|2136|129840|4|1
1|1|2135|6915|11|1
1|1|2131|12719|11|1
1|1|2197|14959|21|1
1|1|2194|9752|10|1
1|1|2191|22169|11|1
1|1|2188|101457|10|1
1|1|2189|28097|11|1
1|1|2196|3343|11|1
1|1|2185|61504|4|1
1|1|2161|101730|4|1
1|1|2156|56899|11|1
1|1|2161|121728|4|1
1|1|2170|28765|15|1
1|1|2182|39198|10|1
1|1|2177|40179|4|1
1|1|2273|128415|4|1
1|1|2286|45956|11|1
1|1|2218|86358|4|1
1|1|2209|30672|21|1
1|1|2202|121892|4|1
1|1|2199|45853|4|1
1|1|2199|47767|4|1
1|1|2205|19867|4|1
1|1|2214|38746|4|1
1|1|2206|14202|4|1
1|1|2202|64092|15|1
1|1|2218|11956|4|1
1|1|2464|20463|11|1
1|1|2464|21913|11|1
1|1|2464|24707|11|1
1|1|2464|32135|11|1
1|1|2472|50013|4|1
1|1|2299|68536|4|1
1|1|2299|131508|4|1
1|1|2392|4366|11|1
1|1|2367|76388|4|1
1|1|2392|45781|11|1
1|1|2587|175763|4|1
1|1|2684|42599|10|1
1|1|2697|86280|4|1
1|1|2697|90416|4|1
1|1|2587|62994|4|1
1|1|2697|70923|21|1
1|1|2532|111239|11|1
1|1|2532|124736|11|1
1|1|2516|96345|21|1
1|1|2516|99014|15|1
1|1|2516|101260|10|1
1|1|2574|17504|11|1
1|1|2574|34238|10|1
1|1|2552|127473|10|1
1|1|2552|136970|11|1
1|1|2532|82632|4|1
1|1|2532|86890|10|1
1|1|2558|69467|10|1
1|1|2901|55394|4|1
1|1|2901|90376|10|1
1|1|2875|77039|11|1
1|1|2862|50699|11|1
1|1|2891|80351|4|1
1|1|2752|144539|4|1
1|1|2765|39388|11|1
1|1|2749|54832|21|1
1|1|2765|57676|4|1
1|1|2765|58459|10|1
1|1|2749|68065|11|1
1|1|3162|73700|15|1
1|1|3175|110134|10|1
1|1|3154|1449|4|1
1|1|3094|9607|10|1
1|1|3104|20072|4|1
1|1|3162|48143|11|1
1|1|3104|53277|21|1
1|1|3104|53284|21|1
1|1|3065|105936|4|1
1|1|2956|68559|4|1
1|1|2927|11833|11|1
1|1|2927|130950|11|1
1|1|2930|169728|4|1
1|1|2930|183627|21|1
1|1|3036|37811|4|1
1|1|3395|90435|10|1
1|1|3476|33539|4|1
1|1|3476|39627|11|1
1|1|3405|18927|10|1
1|1|3405|19883|10|1
1|1|3405|21166|10|1
1|1|3382|51210|11|1
1|1|3463|89497|4|1
1|1|3463|103015|14|1
1|1|3308|68802|11|1
1|1|3340|103496|21|1
1|1|3175|130318|10|1
1|1|3191|46154|11|1
1|1|3256|55940|4|1
1|1|3201|17442|4|1
1|1|3230|200372|10|1
1|1|3340|102266|4|1
1|1|3308|68284|11|1
1|1|3751|56330|11|1
1|1|3667|60751|11|1
1|1|3667|62388|11|1
1|1|3638|32139|11|1
1|1|3667|84999|4|1
1|1|3667|107934|4|1
1|1|3667|43617|11|1
1|1|3544|65183|11|1
1|1|3515|100033|4|1
1|1|3544|28467|11|1
1|1|3515|42238|11|1
1|1|4156|14665|10|1
1|1|4156|21922|4|1
1|1|4180|24588|10|1
1|1|4182|6008|4|1
1|1|4155|18515|4|1
1|1|4155|37016|10|1
1|1|4132|17975|11|1
1|1|3874|44809|4|1
1|1|3874|56010|21|1
1|1|3892|9240|11|1
1|1|4378|40682|11|1
1|1|4378|137115|4|1
1|1|4378|41077|11|1
1|1|4378|161596|4|1
1|1|4288|7510|4|1
1|1|4297|20655|11|1
1|1|4297|61022|4|1
1|1|4229|2251|10|1
1|1|4229|2753|11|1
1|1|4229|38342|11|1
1|1|4307|111346|11|1
1|1|4307|127661|11|1
1|1|4284|23289|11|1
1|1|4569|110080|4|1
1|1|4543|99335|11|1
1|1|4527|120840|15|1
1|1|4530|31913|4|1
1|1|4543|129512|11|1
1|1|4543|135906|4|1
1|1|4543|56702|4|1
1|1|4527|19575|11|1
1|1|4495|5896|11|1
1|1|4514|118534|4|1
1|1|4514|13581|11|1
1|1|4514|136142|4|1
1|1|4466|20282|4|1
1|1|4514|53801|11|1
1|1|4417|64191|21|1
1|1|4449|19852|4|1
1|1|4449|24419|11|1
1|1|4420|6257|11|1
1|1|4488|51206|11|1
1|1|4461|6702|11|1
1|1|4899|14980|11|1
1|1|4857|158642|4|1
1|1|4802|41971|21|1
1|1|4873|6049|11|1
1|1|4608|121102|4|1
1|1|4637|84690|10|1
1|1|4718|70556|4|1
1|1|4614|7591|11|1
1|1|4721|40170|4|1
1|1|4695|81492|11|1
1|1|4695|104543|4|1
1|1|5102|114890|10|1
1|1|5102|146284|4|1
1|1|5063|107505|4|1
1|1|5002|81867|11|1
1|1|5047|12260|4|1
1|1|5116|27596|4|1
1|1|5116|35980|10|1
1|1|5021|109941|10|1
1|1|5089|71392|4|1
1|1|4983|72447|4|1
1|1|4996|19121|11|1
1|1|4899|63233|11|1
1|1|4925|71411|10|1
1|1|4899|68052|4|1
1|1|4941|126483|4|1
1|1|4941|142030|4|1
1|1|4938|108714|11|1
1|1|4938|114944|11|1
1|1|4909|6704|11|1
1|1|4941|8940|11|1
1|1|5351|2444|4|1
1|1|5351|47601|11|1
1|1|5393|19692|11|1
1|1|5364|4093|11|1
1|1|5267|78889|11|1
1|1|5212|41179|11|1
1|1|5270|21340|11|1
1|1|5117|23185|11|1
1|1|5212|148726|4|1
1|1|5270|58679|4|1
1|1|5117|79232|10|1
1|1|5173|91760|10|1
1|1|5607|40022|10|1
1|1|5649|43811|10|1
1|1|5568|32778|4|1
1|1|5649|87167|11|1
1|1|5636|84130|10|1
1|1|5429|56429|10|1
1|1|5487|104937|11|1
1|1|5487|129567|11|1
1|1|5542|90155|10|1
1|1|5814|54861|11|1
1|1|5814|61601|11|1
1|1|5791|64103|10|1
1|1|5791|101266|11|1
1|1|5814|112902|11|1
1|1|5762|37783|11|1
1|1|5814|133276|10|1
1|1|5762|44949|4|1
1|1|5827|51527|4|1
1|1|5762|62753|4|1
1|1|5746|24744|10|1
1|1|5678|114977|11|1
1|1|5746|111698|11|1
1|1|5694|61029|4|1
1|1|5746|59023|11|1
1|1|5746|66772|21|1
1|1|5746|69862|10|1
1|1|5746|85245|10|1
1|1|5746|88756|4|1
1|1|5733|96257|4|1
1|1|5746|8941|10|1
1|1|5937|43801|11|1
1|1|6017|44279|11|1
1|1|5982|18832|21|1
1|1|6013|52499|4|1
1|1|6004|12421|4|1
1|1|5898|54624|11|1
1|1|5869|52800|4|1
1|1|5887|2729|11|1
1|1|5856|50242|10|1
1|1|5924|27195|11|1
1|1|5856|71601|21|1
1|1|6064|61364|10|1
1|1|6048|2440|4|1
1|1|6074|3325|11|1
1|1|6066|26153|11|1
1|1|6059|74670|11|1
1|1|6066|48218|4|1
1|1|6046|22809|11|1
1|1|6017|119717|11|1
1|1|6027|27598|4|1
1|1|6023|76089|4|1
1|1|6027|37764|11|1
1|1|6023|12807|4|1
1|1|6023|38896|10|1
1|1|6023|44648|10|1
1|1|6020|22000|4|1
1|1|6115|35473|4|1
1|1|6102|31404|4|1
1|1|6103|34868|10|1
1|1|6125|35036|11|1
1|1|6105|1537|10|1
1|1|6105|24511|11|1
1|1|6114|23808|4|1
1|1|6114|35693|21|1
1|1|6115|825|11|1
1|1|6086|8804|10|1
1|1|6088|9146|10|1
1|1|6094|4716|10|1
1|1|6094|7721|10|1
1|1|6075|102138|4|1
1|1|6081|67448|4|1
1|1|6088|87022|4|1
1|1|6094|43053|11|1
1|1|6092|27138|10|1
1|1|6081|4370|11|1
1|1|6169|85450|11|1
1|1|6198|32520|11|1
1|1|6182|33573|4|1
1|1|6185|47014|11|1
1|1|6198|90846|4|1
1|1|6186|33220|10|1
1|1|6169|48021|0|0
1|1|6172|12588|4|1
1|1|6169|76552|10|1
1|1|6172|74790|11|1
1|1|6158|3250|10|1
1|1|6135|9428|21|1
1|1|6136|20474|11|1
1|1|6512|24237|11|1
1|1|6544|12917|11|1
1|1|6402|27124|11|1
1|1|6512|89545|21|1
1|1|6431|223956|4|1
1|1|6562|22574|4|1
1|1|6334|74113|11|1
1|1|6543|7920|11|1
1|1|6237|59920|11|1
1|1|6237|62793|10|1
1|1|6282|85314|11|1
1|1|6237|151231|4|1
1|1|6267|17605|11|1
1|1|6224|43080|15|1
1|1|6897|85830|10|1
1|1|6774|24958|11|1
1|1|6635|50561|11|1
1|1|6680|15714|11|1
1|1|6729|130826|4|1
1|1|6635|23153|4|1
1|1|7087|86460|4|1
1|1|7090|41539|11|1
1|1|7040|35575|11|1
1|1|6949|80023|11|1
1|1|6952|6458|11|1
1|1|7034|41958|4|1
1|1|6952|43330|11|1
1|1|6923|20235|4|1
1|1|6923|21974|11|1
1|1|6952|55010|11|1
1|1|7034|124886|21|1
1|1|7320|66493|4|1
1|1|7320|71501|4|1
1|1|7375|17471|4|1
1|1|7375|30306|21|1
1|1|7333|64201|4|1
1|1|7207|75550|10|1
1|1|7100|17930|11|1
1|1|7100|26828|11|1
1|1|7169|50950|10|1
1|1|7126|126968|11|1
1|1|7265|29168|11|1
1|1|7265|49878|11|1
1|1|7197|63595|4|1
1|1|7265|90004|21|1
1|1|7604|454697|4|1
1|1|7663|24414|11|1
1|1|7604|949488|4|1
1|1|7650|16882|11|1
1|1|7582|80633|4|1
1|1|7579|70475|10|1
1|1|7604|36529|11|1
1|1|7579|79244|10|1
1|1|7604|985890|4|1
1|1|7650|50473|4|1
1|1|7604|167071|11|1
1|1|7604|998933|4|1
1|1|7650|58929|4|1
1|1|7411|6143|14|1
1|1|7579|39460|10|1
1|1|7391|74251|11|1
1|1|7427|72210|11|1
1|1|7397|1327|4|1
1|1|7430|62929|4|1
1|1|7406|4209|4|1
1|1|7406|29647|11|1
1|1|8028|66429|4|1
1|1|8141|32522|11|1
1|1|8011|9232|4|1
1|1|8015|8991|11|1
1|1|8206|24726|11|1
1|1|7874|8751|11|1
1|1|7874|22994|11|1
1|1|7758|17529|11|1
1|1|7692|65071|11|1
1|1|7809|13800|11|1
1|1|7692|76956|11|1
1|1|7728|94680|10|1
1|1|8624|72606|11|1
1|1|8445|56653|11|1
1|1|8624|74441|11|1
1|1|8507|64183|11|1
1|1|8638|30808|21|1
1|1|8507|107287|4|1
1|1|8651|7416|4|1
1|1|8507|120897|11|1
1|1|8503|1829|4|1
1|1|8507|151003|4|1
1|1|8358|47247|10|1
1|1|8329|96640|10|1
1|1|8290|83104|11|1
1|1|8329|141588|10|1
1|1|8358|29665|10|1
1|1|8329|40645|4|1
1|1|8329|65454|10|1
1|1|9485|112567|4|1
1|1|9427|46782|11|1
1|1|9486|13755|11|1
1|1|9380|107804|21|1
1|1|9479|4303|4|1
1|1|9381|2912|11|1
1|1|9468|5917|14|1
1|1|9480|6492|10|1
1|1|9425|49718|4|1
1|1|8765|71946|11|1
1|1|8670|72954|4|1
1|1|8679|63168|4|1
1|1|8679|92855|11|1
1|1|8679|96571|4|1
1|1|9612|58907|11|1
1|1|9703|2135|15|1
1|1|9689|500|4|1
1|1|9703|7434|11|1
1|1|9705|1088|11|1
1|1|9661|131191|4|1
1|1|9709|5656|10|1
1|1|9698|2787|10|1
1|1|9702|2952|21|1
1|1|9507|1757|11|1
1|1|9508|5227|21|1
1|1|9503|8415|10|1
1|1|9513|186|21|1
1|1|9553|7458|4|1
1|1|9554|9318|11|1
1|1|9603|7903|11|1
1|1|9528|6337|4|1
1|2|122|21142|11|1
1|2|122|38873|11|1
1|2|437|17226|11|1
1|2|152|21728|11|1
1|2|453|36805|11|1
1|2|246|7833|11|1
1|2|122|17193|11|1
1|2|122|17661|11|1
1|1|9814|15228|11|1
1|1|9747|1872|4|1
1|1|9750|3830|11|1
1|1|9814|115997|21|1
1|1|9756|5113|11|1
1|1|9819|3264|11|1
1|1|9758|5220|11|1
1|1|9758|6142|10|1
1|3|8439|40642|10|1
1|3|8497|16951|4|1
1|3|8633|6604|11|1
1|3|8727|13569|11|1
1|3|8646|18575|4|1
1|2|9728|14394|11|1
1|2|6677|17761|4|1
1|2|9319|22987|4|1
1|2|3735|7128|4|1
1|2|9353|7255|11|1
1|2|8228|9809|11|1
1|2|6123|938|10|1
1|2|9529|29140|11|1
1|9|363|352|4|1
1|6|8903|4001|4|1
1|9|724|10797|4|1
1|7|9411|197|11|1
1|9|243|5323|10|1
1|3|8840|924|21|1
1|3|9536|9|11|1
1|3|9069|22718|4|1
1|3|9588|16779|11|1
1|3|9085|35877|21|1
1|3|8743|40305|11|1
1|3|8743|43544|4|1
1|3|8950|39366|4|1
1|9|3137|3593|11|1
1|9|3288|4274|11|1
1|9|3288|10742|4|1
1|9|3161|5182|10|1
1|9|3161|13398|10|1
1|9|3337|2901|10|1
1|9|2777|1014|10|1
1|9|3337|4221|10|1
1|9|2116|7536|4|1
1|9|2159|1172|4|1
1|9|2101|1670|11|1
1|9|1265|8863|10|1
1|9|5870|32628|10|1
1|9|6236|14581|10|1
1|9|5893|8705|10|1
1|9|5820|15033|11|1
1|9|5820|15153|11|1
1|9|5868|12601|11|1
1|9|5905|8647|11|1
1|9|5870|26423|21|1
1|9|4606|625|21|1
1|9|5052|1173|4|1
1|9|5169|7549|4|1
1|9|5170|8869|4|1
1|9|3789|27196|10|1
1|9|5732|1862|11|1
1|9|4596|4386|4|1
1|9|5789|6221|25|1
1|9|5792|18313|11|1
1|9|4602|40954|21|1
1|9|5683|4745|10|1
1|9|8481|4004|11|1
1|9|8530|8758|21|1
1|9|8513|5831|10|1
1|9|8531|7288|21|1
1|9|8420|16249|10|1
1|9|8422|8359|11|1
1|9|7645|99767|11|1
1|9|8179|24125|4|1
1|9|8179|28132|11|1
1|9|6673|1052|4|1
1|9|7795|3584|11|1
1|9|8182|12267|10|1
1|9|8175|25096|15|1
1|9|8176|33003|11|1
1|9|9858|2968|15|1
1|9|9829|1309|11|1
1|9|9832|3036|11|1
1|9|8996|20138|11|1
1|9|9487|5999|11|1
1|9|8663|7204|11|1
1|9|8690|873|11|1
1|9|8793|16514|4|1
1|9|8694|7448|11|1
1|9|8537|10450|4|1
1|9|8674|14438|11|1
1|9|8805|922|21|1
1|9|8697|7239|10|1
1|9|8645|24370|21|1
1|9|8820|501|11|1
1|9|8733|184|4|1
1|13|7439|2474|4|1
1|13|9320|2231|10|1
1|20|1191|18572|11|1
1|16|6504|2700|10|1
1|16|7003|230|11|1
1|9|9907|617|4|1
1|10|9447|2689|4|1
1|10|1937|2231|4|1
1|10|3970|610|4|1
1|20|1705|2895|4|1
1|20|1709|11889|10|1
1|20|2289|8864|11|1
1|20|2289|9217|11|1
1|20|1713|16913|11|1
1|20|2328|1744|11|1
1|20|1921|18124|11|1
1|20|2310|3277|11|1
1|20|1678|2266|10|1
1|20|1678|4143|11|1
1|20|1696|2933|11|1
1|20|1636|11240|11|1
1|20|1662|21988|4|1
1|20|1682|11539|11|1
1|20|1658|4978|21|1
1|20|1668|8051|11|1
1|20|1650|18082|11|1
1|20|1689|8699|11|1
1|24|9495|9791|10|1
1|24|9495|12554|10|1
1|24|9495|8122|10|1
1|24|9495|1340|10|1
1|20|8299|20811|10|1
1|20|9259|5969|11|1
1|20|2354|4505|4|1
1|20|2372|569|10|1
1|33|9546|88043|4|1
1|27|8236|1821|11|1
1|27|8322|2520|10|1
1|27|9192|1163|4|1
1|33|9546|222979|4|1
1|33|9546|54410|4|1
1|27|7555|569|10|1
1|24|9495|15082|10|1
1|24|9495|13373|10|1
1|24|9495|18662|10|1
1|27|976|23|4|1
1|39|2741|3502|4|1
1|39|2693|12180|10|1
1|39|2695|14236|4|1
1|39|2730|16768|4|1
1|36|1214|449|10|1
1|39|988|503|4|1
1|39|2737|5447|11|1
1|33|9546|434423|4|1
1|39|5842|5067|10|1
1|39|5489|177|4|1
1|39|5923|12318|10|1
1|39|5930|5749|11|1
1|39|5910|5063|0|0
1|39|5072|7765|10|1
1|39|4685|7275|10|1
1|39|4788|6653|4|1
1|39|5258|4787|11|1
1|39|4819|84|11|1
1|39|4819|142|11|1
1|39|4946|2069|11|1
1|51|8253|88143|11|1
1|51|8550|41768|10|1
1|13|7395|2990|4|1
1|51|8744|896|21|1
1|51|7858|169544|4|1
1|51|7866|3125|4|1
1|1|2016|4435|4|1
1|51|5467|37181|11|1
1|51|6608|1389|4|1
1|51|6636|3510|11|1
1|51|6963|3613|4|1
1|51|6970|3438|11|1
1|51|6658|181658|4|1
1|51|6988|210862|4|1
1|42|7997|1236|11|1
1|51|7140|4874|10|1
1|51|7172|3478|21|1
1|51|5441|1848|10|1
1|51|6558|4985|4|1
1|9|5870|36243|4|1
1|1|5212|132175|4|1
1|1|2063|101776|11|1
1|9|5689|11176|4|1
1|51|7855|2625|10|1
1|1|1711|58219|15|1
1|1|1079|40730|4|1
1|1|6923|163487|4|1
1|1|9427|76664|4|1
1|1|9970|2087|4|1
1|1|5936|3909|4|1
1|1|835|117101|11|1
1|1|9661|1025|11|1
1|1|3531|135313|11|1
1|1|7034|19254|11|1
1|1|1504|157509|11|1
1|1|2752|39779|11|1
1|1|9427|80906|11|1
1|1|1139|9621|11|1
1|9|5825|12879|10|1
1|1|7540|90784|11|1
1|1|7801|35988|11|1
1|1|6826|46428|11|1
1|1|9939|452|21|1
1|1|9562|4261|11|1
1|1|2023|58678|11|1
1|1|2097|23382|11|1
1|1|2393|7665|11|1
1|1|9425|55924|11|1
1|1|1025|81575|11|1
1|1|7388|175162|21|1
1|2|9362|15603|11|1
1|1|6703|100309|11|1
1|1|3036|32448|21|1
1|1|1245|184638|11|1
1|1|5461|107669|11|1
1|1|4954|19743|11|1
1|9|9845|2618|11|1
1|1|495|67976|4|1
1|1|6114|35444|4|1
1|1|2392|3100|4|1
1|9|8530|10912|4|1
1|1|7809|137021|4|1
1|1|2011|87876|4|1
1|39|4681|4317|4|1
1|1|9476|7202|11|1
1|10|1473|147|11|1
1|1|2071|8943|11|1
1|2|3696|10341|14|1
1|9|4426|12015|10|1
1|1|2707|101398|4|1
1|9|8511|12806|11|1
1|9|4596|13446|4|1
1|1|1656|10502|4|1
1|1|2155|38331|4|1
1|9|5691|21049|4|1
1|1|1104|26480|4|1
1|1|195|18599|4|1
1|1|6761|23722|4|1
1|9|1763|11973|4|1
1|1|8757|2249170|4|1
1|1|144|39359|4|1
1|1|5306|98388|4|1
1|1|5173|6701|4|1
1|1|7100|88973|4|1
1|1|4598|76944|4|1
1|39|2717|6852|4|1
1|9|6263|2705|4|1
1|39|5083|4081|4|1
1|1|2228|12371|4|1
1|1|1588|77585|4|1
1|1|5869|15062|4|1
1|1|4449|25548|4|1
1|1|6570|89925|4|1
1|1|6095|34465|4|1
1|1|8638|56590|4|1
1|1|8187|2452|4|1
1|9|3278|7175|4|1
1|9|6672|7904|4|1
1|1|1656|12184|4|1
1|9|6673|18346|4|1
1|1|5762|135441|4|1
1|33|9546|754953|4|1
1|1|9115|87904|4|1
1|1|5212|82002|4|1
1|1|3330|1413|4|1
1|1|7320|4905|4|1
1|39|4862|13789|4|1
1|39|2674|714|4|1
1|1|3803|50334|4|1
1|1|5429|9834|4|1
1|1|6253|52023|4|1
1|1|8757|3000228|4|1
1|1|2106|22555|10|1
1|9|8695|6412|4|1
1|9|8531|13356|10|1
1|51|5444|76870|4|1
1|1|5306|105415|4|1
1|1|7537|144339|4|1
1|1|168|72855|10|1
1|1|2765|62006|11|1
1|1|6813|13585|11|1
1|1|6444|26307|11|1
1|1|8501|42144|11|1
1|1|2927|69801|11|1
1|20|1707|12316|11|1
1|9|8298|7825|11|1
1|1|2749|45471|11|1
1|1|199|109685|4|1
1|1|4491|116121|11|1
1|1|8089|102568|11|1
1|1|1672|4152|11|1
1|1|7566|95414|11|1
1|9|1759|16571|11|1
1|1|195|21153|11|1
1|1|259|53340|11|1
1|3|3156|778|11|1
1|1|2138|111019|11|1
1|1|4815|42997|11|1
1|1|5424|47668|11|1
1|1|2017|32525|11|1
1|9|753|28042|4|1
1|1|118|117634|11|1
1|1|1795|6279|11|1
1|1|8017|16972|11|1
1|1|107|86078|11|1
1|9|9847|3265|4|1
1|1|1067|7290|11|1
1|9|8319|5788|11|1
1|1|1037|108746|11|1
1|1|151|26965|4|1
1|1|1089|130488|11|1
1|39|5881|11557|4|1
1|1|9741|2498|4|1
1|3|8743|30193|4|1
1|1|3020|2906|4|1
1|1|5953|80978|4|1
1|1|5979|84132|10|1
1|1|7582|30422|4|1
1|1|3023|99633|4|1
1|1|1565|23758|10|1
1|33|9546|173174|4|1
1|1|4378|150349|4|1
1|1|5021|179738|4|1
1|1|2956|4851|4|1
1|1|2054|59445|4|1
1|39|5929|408|4|1
1|1|6512|95211|4|1
1|1|5131|76715|10|1
1|1|631|91130|4|1
1|1|4912|106304|11|1
1|1|2817|86515|4|1
1|1|7993|567|4|1
1|1|7265|68865|11|1
1|9|8298|8544|11|1
1|1|2050|24230|11|1
1|1|8003|5164|11|1
1|39|4697|13757|11|1
1|1|178|125862|11|1
1|1|4637|21865|11|1
1|1|196|45817|11|1
1|1|2062|83668|4|1
1|1|2183|89884|4|1
1|1|2299|28242|4|1
1|1|6013|68973|11|1
1|1|3081|69774|10|1
1|1|592|52175|11|1
1|1|4461|9920|11|1
1|9|5900|10952|4|1
1|1|2161|125392|4|1
1|1|1591|37047|11|1
1|1|3094|98134|10|1
1|1|602|53207|11|1
1|9|8671|10977|11|1
1|1|6066|42211|4|1
1|9|2265|2725|11|1
1|1|1481|38578|11|1
1|9|5792|9199|11|1
1|1|8303|108565|4|1
1|1|2930|33970|11|1
1|1|9380|98679|11|1
1|1|3667|14266|11|1
1|39|4830|22064|4|1
1|1|7100|88915|4|1
1|9|8825|60138|11|1
1|1|9740|4858|11|1
1|1|3625|74861|4|1
1|1|8303|94744|4|1
1|2|9241|23320|4|1
1|1|2230|114145|11|1
1|1|188|511|11|1
1|1|3463|134477|11|1
1|9|8175|18943|4|1
1|9|8534|18125|4|1
1|1|1504|158774|11|1
1|1|3531|136659|11|1
1|1|2875|28709|11|1
1|9|5942|19090|11|1
1|1|3230|321970|11|1
1|1|9612|45337|4|1
1|1|4543|134690|4|1
1|1|2093|47433|4|1
1|1|5650|48412|11|1
1|1|3104|43608|11|1
1|1|2464|7972|4|1
1|3|9098|10549|11|1
1|33|9546|166396|4|1
1|1|7604|886652|4|1
1|1|206|39042|11|1
1|9|3343|4225|10|1
1|9|4224|1242|10|1
1|1|9427|116718|11|1
1|9|5638|9815|10|1
1|1|1973|65331|4|1
1|1|2178|81047|10|1
1|1|2136|137448|4|1
1|1|4774|20271|4|1
1|9|4596|13391|4|1
1|9|8177|24259|4|1
1|1|2165|87673|4|1
1|1|5673|38883|4|1
1|1|4614|11725|4|1
1|1|2164|53381|4|1
1|1|2516|112089|4|1
1|1|7977|82251|4|1
